
step 40
	101 210 -260
	102 -210 -260
step 60
	101 210 -260
	102 -210 -260
step 80
	101 210 -260
	102 -210 -260
step 100
	101 210 -260
	102 -210 -260

step 250 110 0 -310
step 280 110 -50 -310
step 310 110 50 -310
step 340 110 -100 -310
step 370 110 100 -310

step 550 120 0 -310

step 870
	130 66 -310
	131 -66 -310
step 1010
	132 210 0
	133 -210 0

step 1300 141 210 -240
step 1340 140 210 -200
step 1345 140 210 -200
step 1350 140 210 -200
step 1355 140 210 -200
step 1360 140 210 -200
step 1365 140 210 -200
step 1370 140 210 -200
step 1375 140 210 -200
step 1380 140 210 -200
step 1385 140 210 -200
step 1390 140 210 -200
step 1395 140 210 -200
step 1400 140 210 -200
step 1405 140 210 -200


step 1700
	150 180 -310
	151 -180 -310

step 2050 141 -310 -210
